{
    "chemical json": 0,
    "name": "/home/sanjeed/GSOC/cclib/data/QChem/basicQChem4.2/water_ir_anharm",
    "vibrations": {
        "frequencies": [1860.1, 3939.13, 4272.66],
        "intensities": {
            "IR": [5.911, 61.12, 36.761]
        },
        "displacement": [[[0.0, 0.0, -0.07], [-0.43, 0.0, 0.559], [0.43, 0.0, 0.559]], [[0.0, 0.0, 0.05], [-0.583, 0.0, -0.398], [0.583, 0.0, -0.398]], [[-0.071, 0.0, 0.0], [0.563, 0.0, 0.424], [0.563, 0.0, -0.424]]],
        "hessian matrix": [[0.7920702, 0.0, -0.0, -0.3960351, -0.0, -0.3210686, -0.3960351, 0.0, 0.3210686], [0.0, -0.0601381, 0.0, -0.0, 0.0300691, -0.0, 0.0, 0.0300691, -0.0], [-0.0, 0.0, 0.5151325, -0.2058185, -0.0, -0.2575663, 0.2058185, -0.0, -0.2575663], [-0.3960351, -0.0, -0.2058185, 0.4148874, 0.0, 0.2634436, -0.0188523, -0.0, -0.057625], [-0.0, 0.0300691, -0.0, 0.0, -0.0194027, 0.0, 0.0, -0.0106664, 0.0], [-0.3210686, -0.0, -0.2575663, 0.2634436, 0.0, 0.245335, 0.057625, 0.0, 0.0122312], [-0.3960351, 0.0, 0.2058185, -0.0188523, 0.0, 0.057625, 0.4148874, -0.0, -0.2634436], [0.0, 0.0300691, -0.0, -0.0, -0.0106664, 0.0, -0.0, -0.0194027, 0.0], [0.3210686, -0.0, -0.2575663, -0.057625, 0.0, 0.0122312, -0.2634436, 0.0, 0.245335]]
    },
    "atoms": {
        "mass": [15.99491, 1.00783, 1.00783, 15.99491, 1.00783, 1.00783, 15.99491, 1.00783, 1.00783],
        "elements": {
            "atom count": 3,
            "number": [8, 1, 1],
            "heavy atom count": 1
        },
        "coords": {
            "3d": [ 0.0, 0.0, 0.1191593746, -0.7906491549, 0.0, -0.4766374983, 0.7906491549, 0.0, -0.4766374983 ]
        },
        "core electrons": [0, 0, 0]
    },
    "optimization": {
        "basis number": 7,
        "MO number": 7,
        "scf": {
            "energies": [-2049.502927690572],
            "values": [ [[0.378], [0.054], [0.0419], [0.000241], [2.84e-05], [1.23e-06], [2.01e-08], [6.72e-10]] ],
            "targets": [[1e-08]]
        }
    },
    "properties": {
        "number of atoms": 3,
        "temperature": 298.15,
        "total dipole moment": 1.6167,
        "multiplicity": 1,
        "energy": {
            "alpha": {
                "homo": -3.8640166770999995,
                "gap": 12.680505433299999
            },
            "beta": {
                "homo": -3.8640166770999995,
                "gap": 12.680505433299999
            },
            "total": -2049.5029276905721,
            "free energy": 0.005225743012875046
        },
        "orbitals": {
            "energies": [ [-512.58086018685, -25.00726286095, -11.78252972665, -6.23140717645, -3.8640166770999995, 8.8164887562, 12.00022080705] ],
            "homos": [4],
            "symmetry": [
                [ "A1", "A1", "B1", "A1", "B2", "A1", "B1" ]
            ]
        },
        "enthalpy": 0.026723102504518943,
        "charge": 0,
        "entropy": 0.021497359491643896,
        "partial charges": {
            "mulliken": [-0.340765, 0.170382, 0.170382]
        }
    }
}